-16.3401	49.5923	99.8663	64.7356	76.0434	0	0	509.928	92.0619	0	1	0	0	0	-16.3401
3
do this
try that
how bout this
-12.4583	56.1844	95.6104	53.2094	79.4363	0	0	588.596	116.48	1	1	0	0	0	-12.4583
3
do this
try that
how bout this
7.2	90	55.2	6	12	18	7.38	6.6	36.6	1	6	24	252	1	12.6
2
SAMPLEHINT6
Test hint
-4.21648	55.8571	56.5926	31.7631	46.8383	0	0	557.618	172.518	1	0	0	0	0	-4.21648
3
do this
try that
how bout this
1.2	15	9.2	1	2	3	1.23	1.1	6.1	1	1	4	42	0	2.1
2
SAMPLEHINT1
Test hint
2.4	30	18.4	2	4	6	2.46	2.2	12.2	1	2	8	84	1	4.2
2
SAMPLEHINT2
Test hint
3.6	45	27.6	3	6	9	3.69	3.3	18.3	1	3	12	126	0	6.3
2
SAMPLEHINT3
Test hint
-11.6148	55.2466	95.7595	54.5873	78.6773	0	0	561.328	194.956	1	0	0	0	0	-11.6148
3
do this
try that
how bout this
-1.29589	21.7011	78.8372	73.2496	29.1512	0	0	530.126	177.037	1	0	0	0	0	-1.29589
3
do this
try that
how bout this
4.8	60	36.8	4	8	12	4.92	4.4	24.4	1	4	16	168	1	8.4
2
SAMPLEHINT4
Test hint
